import pandas as pd
import numpy as np
dates = pd.date_range('20170426',periods = 6)
'''
DatetimeIndex(['2017-04-26', '2017-04-27', '2017-04-28', '2017-04-29',
               '2017-04-30', '2017-05-01'],
'''
df = pd.DataFrame(np.random.rand(6,4),index = dates ,columns = list('ABCD'))
'''
                   A         B         C         D
2017-04-26  0.707376  0.928040  0.275718  0.501305
2017-04-27  0.491212  0.311668  0.463700  0.268263
2017-04-28  0.927060  0.081581  0.151907  0.699376
2017-04-29  0.971193  0.358716  0.860486  0.195150
2017-04-30  0.475282  0.289739  0.194945  0.185804
2017-05-01  0.393455  0.306438  0.263806  0.080477

'''
df2 = pd.DataFrame({'A':np.random.rand(6)})
'''
          A
0  0.008318
1 -0.247934
2  0.993976
3 -0.130947
4 -0.196604
5 -2.088668

'''

df['A']

'''
2017-04-26    0.707376
2017-04-27    0.491212
2017-04-28    0.927060
2017-04-29    0.971193
2017-04-30    0.475282
2017-05-01    0.393455
'''

df[1:3]

'''
                   A         B         C         D
2017-04-27  0.491212  0.311668  0.463700  0.268263
2017-04-28  0.927060  0.081581  0.151907  0.699376
'''
df['20170426':'20170430']

'''
                   A         B         C         D
2017-04-26  0.707376  0.928040  0.275718  0.501305
2017-04-27  0.491212  0.311668  0.463700  0.268263
2017-04-28  0.927060  0.081581  0.151907  0.699376
2017-04-29  0.971193  0.358716  0.860486  0.195150
2017-04-30  0.475282  0.289739  0.194945  0.185804

'''

df.loc['20170426':'20170430',['B','C']]

'''
                   B         C
2017-04-26  0.928040  0.275718
2017-04-27  0.311668  0.463700
2017-04-28  0.081581  0.151907
2017-04-29  0.358716  0.860486
2017-04-30  0.289739  0.194945

'''

df.loc[dates[0],'B']

'''
0.928040
'''

df.dtypes

'''
A    float64
B    float64
C    float64
D    float64
dtype: object
'''
df.head(2)  

'''
                   A         B         C         D
2017-04-26  0.707376  0.928040  0.275718  0.501305
2017-04-27  0.491212  0.311668  0.463700  0.268263
'''
df.tail(2)

'''
                   A         B         C         D
2017-04-30  0.475282  0.289739  0.194945  0.185804
2017-05-01  0.393455  0.306438  0.263806  0.080477
'''

df.values

'''
array([[ 0.70737643,  0.92804044,  0.27571759,  0.50130537],
       [ 0.49121168,  0.3116684 ,  0.46369963,  0.26826289],
       [ 0.92706041,  0.08158087,  0.15190674,  0.69937565],
       [ 0.9711929 ,  0.35871592,  0.86048558,  0.1951496 ],
       [ 0.47528222,  0.28973911,  0.1949449 ,  0.18580376],
       [ 0.39345516,  0.3064384 ,  0.26380638,  0.08047701]])
'''
df.describe()

'''
              A         B         C         D
count  6.000000  6.000000  6.000000  6.000000
mean   0.660930  0.379364  0.368427  0.321729
std    0.246600  0.285685  0.263710  0.232561
min    0.393455  0.081581  0.151907  0.080477
25%    0.479265  0.293914  0.212160  0.188140
50%    0.599294  0.309053  0.269762  0.231706
75%    0.872139  0.346954  0.416704  0.443045
max    0.971193  0.928040  0.860486  0.699376
'''
df.sort(columns='B')
'''
                   A         B         C         D
2017-04-28  0.927060  0.081581  0.151907  0.699376
2017-04-30  0.475282  0.289739  0.194945  0.185804
2017-05-01  0.393455  0.306438  0.263806  0.080477
2017-04-27  0.491212  0.311668  0.463700  0.268263
2017-04-29  0.971193  0.358716  0.860486  0.195150
2017-04-26  0.707376  0.928040  0.275718  0.501305
'''

df.T # transport
df.sort_index(axis = 1,ascending = False) 
'''
                   D         C         B         A
2017-04-26  0.501305  0.275718  0.928040  0.707376
2017-04-27  0.268263  0.463700  0.311668  0.491212
2017-04-28  0.699376  0.151907  0.081581  0.927060
2017-04-29  0.195150  0.860486  0.358716  0.971193
2017-04-30  0.185804  0.194945  0.289739  0.475282
2017-05-01  0.080477  0.263806  0.306438  0.393455
'''

